1 0.327500 0.725000 0.135000 0.520000
1 0.127500 0.495000 0.115000 0.270000
1 0.497500 0.737500 0.075000 0.225000
1 0.807500 0.390000 0.105000 0.320000
1 0.585000 0.242500 0.120000 0.475000
1 0.337500 0.200000 0.105000 0.170000
1 0.780000 0.650000 0.100000 0.260000
1 0.342500 0.332500 0.065000 0.155000
1 0.793100 0.507346 0.150449 0.550261
1 0.070223 0.094540 0.130327 0.189017
1 0.356407 0.271039 0.120867 0.297692
1 0.074791 0.952631 0.131471 0.094738
1 0.322184 0.931987 0.104380 0.136026
1 0.330280 0.826609 0.103895 0.346782
1 0.619677 0.949091 0.152265 0.101819